Moradeke
[
    ([[118, 18], [470, 18], [470, 44], [118, 44]], 'FEDERAL REPUBLIC OF NIGERIA', 0.9405208682925045), 
    ([[53, 55], [129, 55], [129, 71], [53, 71]], 'PASSPORT', 0.9947495309049013), 
    ([[291, 57], [329, 57], [329, 77], [291, 77]], 'NGA', 0.7142614722251892), 
    ([[419, 57], [503, 57], [503, 77], [419, 77]], 'A10949696', 0.9919644281213309), 
    ([[49, 69], [133, 69], [133, 85], [49, 85]], 'PASSEPORT', 0.9979654927827842), 
    ([[179, 85], [255, 85], [255, 105], [179, 105]], 'ONAMUSI', 0.9803068659487486), 
    ([[179, 115], [370, 115], [370, 135], [179, 135]], 'MORADEKE KANYINSOLA', 0.999290908849566), 
    ([[179, 145], [257, 145], [257, 165], [179, 165]], 'NIGERIAN', 0.9994694482839943), 
    ([[385, 147], [469, 147], [469, 167], [385, 167]], 'A05285325', 0.9859823329020376), 
    ([[388, 172], [430, 172], [430, 180], [388, 180]], 'DdLoNo', 0.02428635048960459), 
    ([[179, 177], [303, 177], [303, 197], [179, 197]], '09 AUG / AOU 95', 0.8011419945792372), 
    ([[229, 211], [287, 211], [287, 231], [229, 231]], 'LAGOS', 0.9949672348544919), 
    ([[385, 211], [473, 211], [473, 231], [385, 231]], 'ABEOKUTA', 0.9996249482073797), 
    ([[418, 238], [452, 238], [452, 246], [418, 246]], '3et', 0.0042671928332109945), 
    ([[466, 238], [536, 238], [536, 246], [466, 246]], 'Gnanje LJ Tuhan', 0.08299592107362884), 
    ([[177, 245], [301, 245], [301, 265], [177, 265]], '31 OCT / OCT 19', 0.688091461551726), 
    ([[180, 268], [230, 268], [230, 276], [180, 276]], 'Dulr 4 Enty', 0.13710217529720944), 
    ([[362, 246], [561, 246], [561, 300], [362, 300]], '2a&', 0.03979762422210218), 
    ([[177, 277], [235, 277], [235, 295], [177, 295]], '30 OCT', 0.6994256866254404), 
    ([[243, 277], [301, 277], [301, 295], [243, 295]], 'OCT 24', 0.8505888699991278), 
    ([[19, 328], [547, 328], [547, 349], [19, 349]], 'P<NGAONAMUSI<<MORADEKE<KANYINSOLA<<<<<<<<<<<', 0.9188502119814079), 
    ([[18, 354], [548, 354], [548, 378], [18, 378]], 'A109496962ng49508093F2410306<<<<<<<<<<<<<<04', 0.6965446474123074)
]

Olukemi Expired Passport 1
[
    ([[108, 20], [464, 20], [464, 48], [108, 48]], 'FEDERAI RePUKLIC OF NIGERIA', 0.29583646738605573), 
    ([[43, 57], [121, 57], [121, 73], [43, 73]], 'Vab Okri', 0.011460943679334493), 
    ([[283, 59], [323, 59], [323, 79], [283, 79]], 'NGA', 0.9934152087558205), 
    ([[411, 59], [495, 59], [495, 79], [411, 79]], 'A001ttszh', 0.21277314013843768), 
    ([[41, 71], [125, 71], [125, 87], [41, 87]], 'PASSEPORT', 0.2973873180414547), 
    ([[171, 87], [249, 87], [249, 107], [171, 107]], 'ONAMUSI', 0.9596807564407651), 
    ([[171, 117], [319, 117], [319, 137], [171, 137]], 'OLUKEMI OLUREMI', 0.9879660725772215), 
    ([[169, 149], [249, 149], [249, 169], [169, 169]], 'NIGERIAN', 0.9995688413826549), 
    ([[172, 174], [218, 174], [218, 182], [172, 182]], 'D* oIErt', 0.028424319758150778), 
    ([[380, 174], [424, 174], [424, 182], [380, 182]], 'Aehor-ns', 0.0490421391294323), 
    ([[436, 174], [484, 174], [484, 182], [436, 182]], '4 Dentcniru', 0.06650570657632765), 
    ([[171, 181], [229, 181], [229, 199], [171, 199]], '27 MAY', 0.8898368042418608), 
    ([[237, 183], [289, 183], [289, 201], [237, 201]], 'MAI 61', 0.44505872720260975), 
    ([[221, 215], [285, 215], [285, 233], [221, 233]], 'IBADAN', 0.9997666843388358), 
    ([[377, 213], [479, 213], [479, 233], [377, 233]], 'IKOYI LAGOS', 0.8204880832094368), 
    ([[172, 240], [220, 240], [220, 248], [172, 248]], 'Dua olala', 0.03868260354190964), 
    ([[230, 240], [260, 240], [260, 248], [230, 248]], 'Dtt Da', 0.22722828783291263), 
    ([[412, 240], [444, 240], [444, 248], [412, 248]], 'eotube', 0.030679908744030326), 
    ([[458, 240], [502, 240], [502, 248], [458, 248]], '3taun d', 0.12023324443731243), 
    ([[506, 240], [532, 240], [532, 246], [506, 246]], 'Ve', 0.0038220889960230825), 
    ([[173, 249], [225, 249], [225, 267], [173, 267]], '14 JAN', 0.9755372656233884), 
    ([[231, 249], [287, 249], [287, 267], [231, 267]], 'JAN 08', 0.9960064909413461), 
    ([[172, 270], [222, 270], [222, 278], [172, 278]], 'Dak olEion', 0.05405975643491165), 
    ([[230, 270], [282, 270], [282, 278], [230, 278]], 'Dee Dopmt', 0.02500724381441056), 
    ([[169, 277], [225, 277], [225, 297], [169, 297]], '13 JAN', 0.970239062909348), 
    ([[231, 279], [287, 279], [287, 297], [231, 297]], 'JAN13', 0.9997895215501077), 
    ([[433, 279], [489, 279], [489, 297], [433, 297]], '"an', 0.14137390636570554), 
    ([[8, 322], [542, 322], [542, 352], [8, 352]], 'P<NGAONAMUSI<<OLUKEMI<O UREMI<<<<<<<<<<<<<<<', 0.5388140948119009), 
    ([[8, 355], [542, 355], [542, 380], [8, 380]], 'A001773280nga6105273F1301139<<<<<<<<<<<<<<02', 0.4936380523413431)
]

Olukemi Expired Passport 2
[
    ([[108, 10], [464, 10], [464, 36], [108, 36]], 'FEDERAL REPUBLIC OF NIGERIA', 0.9621611249555587), 
    ([[254, 42], [302, 42], [302, 50], [254, 50]], 'Ladady Cu', 0.06132984338080714), 
    ([[347, 41], [369, 41], [369, 53], [347, 53]], 'para', 0.514087438583374), 
    ([[45, 47], [121, 47], [121, 63], [45, 63]], 'PassPORT', 0.15335008991828958), 
    ([[285, 51], [323, 51], [323, 69], [285, 69]], 'NGA', 0.9993046882118843), 
    ([[415, 51], [497, 51], [497, 69], [415, 69]], 'A05285141', 0.9818602599118654), 
    ([[41, 61], [127, 61], [127, 77], [41, 77]], 'PASSEPORT', 0.8269175285884423), 
    ([[171, 77], [249, 77], [249, 97], [171, 97]], 'ONAMUSI', 0.9856335283364028), 
    ([[171, 109], [319, 109], [319, 127], [171, 127]], 'OLUKEMI OLUREMI', 0.9179987762342795), 
    ([[171, 139], [251, 139], [251, 159], [171, 159]], 'NIGERIAN', 0.9999510670129699), 
    ([[194, 164], [218, 164], [218, 170], [194, 170]], 'LBIn', 0.00914681050926447), 
    ([[230, 164], [270, 164], [270, 172], [230, 172]], 'D8id 09 n', 0.03006674089859521), 
    ([[384, 164], [412, 164], [412, 170], [384, 170]], 'Zheor', 0.005002846628905501), 
    ([[173, 171], [289, 171], [289, 191], [173, 191]], '27 MAY /MAI 61', 0.47104682698326256), 
    ([[224, 196], [270, 196], [270, 204], [224, 204]], 'plaoEant', 0.030004166761704934), 
    ([[286, 198], [348, 198], [348, 204], [286, 204]], 'Laetarataa', 0.00018425437740624372), 
    ([[384, 198], [414, 198], [414, 206], [384, 206]], 'Frati', 0.014626499303367511), 
    ([[223, 203], [285, 203], [285, 223], [223, 223]], 'IBADAN', 0.9997737900861403), 
    ([[379, 203], [503, 203], [503, 223], [379, 223]], 'ALAUSA LAGOS', 0.6990874969804068), 
    ([[262, 230], [298, 230], [298, 238], [262, 238]], '6nenct', 0.002572754738917994), 
    ([[382, 230], [448, 230], [448, 238], [382, 238]], 'Fdcreznntuic', 0.08243570394275458), 
    ([[460, 230], [504, 230], [504, 238], [460, 238]], '3prerg 4', 0.027525222486876624), 
    ([[171, 237], [227, 237], [227, 257], [171, 257]], '08 JAN', 0.9512699635383951), 
    ([[174, 260], [222, 260], [222, 268], [174, 268]], 'Qale 0 Ecpi', 0.21780803269166038), 
    ([[232, 260], [292, 260], [292, 268], [232, 268]], 'Dus d #ATton', 0.3831875742774514), 
    ([[402, 250], [496, 250], [496, 280], [402, 280]], 'GS', 0.5103139331462355), 
    ([[171, 269], [227, 269], [227, 287], [171, 287]], '07 JAN', 0.9990833601615352), 
    ([[235, 271], [289, 271], [289, 287], [235, 287]], 'JAN 19', 0.6262763676134174), 
    ([[10, 317], [543, 317], [543, 342], [10, 342]], 'P<NGAONAMUSI<<OLUKEMI<OLUREMI<<<<<<<<<<<<<<<', 0.7973629175176771), 
    ([[10, 346], [544, 346], [544, 370], [10, 370]], 'A052851418n64610527301901078<<<<<<<<<<<<<<02', 0.2791848758647983), 
    ([[227.06850713433477, 236.23016355523603], [269.9230478952816, 241.45055774420524], [267.93149286566523, 258.76983644476394], [224.07695210471834, 254.54944225579476]], 'IJAN', 0.8844969868659973)
]

Olukemi Valid Passport
[
    ([[116, 16], [470, 16], [470, 46], [116, 46]], 'FEDERAL REPUBLIC OF HIGERIA', 0.7113325818814299), 
    ([[51, 57], [129, 57], [129, 73], [51, 73]], 'PASSPORT', 0.8248954166002617), 
    ([[293, 59], [329, 59], [329, 75], [293, 75]], '764', 0.3833437696929827), 
    ([[47, 71], [133, 71], [133, 87], [47, 87]], 'PASSEPORT', 0.5057544683440222), 
    ([[179, 85], [255, 85], [255, 105], [179, 105]], 'ONAMUSI', 0.7064901499225246), 
    ([[179, 115], [325, 115], [325, 135], [179, 135]], 'OLUKEMI OLUREMI', 0.9753802963889371), 
    ([[464, 136], [504, 136], [504, 144], [464, 144]], 'Faedn', 0.05167970316146091), 
    ([[179, 147], [259, 147], [259, 167], [179, 167]], 'NIGERIAN', 0.9997592873472887), 
    ([[389, 149], [469, 149], [469, 163], [389, 163]], 'A05285141', 0.7190951675820478), 
    ([[390, 170], [432, 170], [432, 178], [390, 178]], 'Ruleulula', 0.11386499614158992), 
    ([[179, 179], [297, 179], [297, 199], [179, 199]], '27 MAY /MAI 61', 0.7869962322237012), 
    ([[231, 211], [295, 211], [295, 231], [231, 231]], 'IBADAN', 0.9997585565180706), 
    ([[387, 209], [475, 209], [475, 229], [387, 229]], 'ABEOKUTA', 0.9997595824046315), 
    ([[514, 234], [542, 234], [542, 242], [514, 242]], 'tt', 0.22432451565913128), 
    ([[112, 256], [154, 256], [154, 264], [112, 264]], 'Fena', 0.03421929106116295), 
    ([[182, 242], [306, 242], [306, 266], [182, 266]], '16 AUG /AOU 18', 0.7215743755884908), 
    ([[182, 270], [232, 270], [232, 278], [182, 278]], 'Dutnoleu', 0.055455890225424395), 
    ([[421, 271], [485, 271], [485, 285], [421, 285]], 'eneu.', 0.07852165348405812), 
    ([[180, 274], [306, 274], [306, 298], [180, 298]], '15 AUG / AQU 23', 0.8766420464530544), 
    ([[19, 324], [552, 324], [552, 354], [19, 354]], 'P<NGAONAMUSI<<OLUKEMI<OLUREMI<<<<<<<<<<<<<<<', 0.5255955288299714), 
    ([[19, 351], [554, 351], [554, 383], [19, 383]], '4096395738n64610527372308157<<<<<<<<<<<<<<08', 0.6174493808999845)
]

Random Passport
[
    ([[55, 7], [219, 7], [219, 21], [55, 21]], 'FEOERAL REPUELIC OF NIGERIA', 0.9115951775820378), 
    ([[23, 23], [65, 23], [65, 41], [23, 41]], 'BrsaT', 0.01748092770671728), 
    ([[212, 28], [242, 28], [242, 36], [212, 36]], '725368', 0.5927333493910442), 
    ([[83, 41], [133, 41], [133, 55], [83, 55]], 'OKaiume', 0.19498198620918658), 
    ([[84, 54], [110, 54], [110, 62], [84, 62]], 'FIDEL', 0.9469686159616065), 
    ([[84, 70], [128, 70], [128, 76], [84, 76]], 'UIG ERLY', 0.07687805852670213), 
    ([[180, 98], [224, 98], [224, 106], [180, 106]], 'CALAOAR', 0.11965491045147122), 
    ([[98, 114], [144, 114], [144, 122], [98, 122]], "Jun' JuIt", 0.4315040974124656), 
    ([[118, 130], [144, 130], [144, 136], [118, 136]], 'Vant', 0.0007621112745255232), 
    ([[28, 152], [62, 152], [62, 160], [28, 160]], 'GhOKA', 0.11240859505960041), 
    ([[70, 152], [140, 152], [140, 160], [70, 160]], 'UNE <<FIDELIS', 0.2789092537388182), 
    ([[8, 168], [194, 168], [194, 176], [8, 176]], '00772536 82M4G45200840j2062114<', 0.04036440413053559), 
    ([[206, 168], [256, 168], [256, 174], [206, 174]], 'Dnnnnndns', 0.0003759625894418187)
]

Sample Passport
[
    ([[128, 14], [492, 14], [492, 46], [128, 46]], 'FEDERAL REPUBLIC OF NIGERIA', 0.835685108747818), 
    ([[221, 47], [243, 47], [243, 59], [221, 59]], 'Tyee', 0.5253956317901611), 
    ([[274, 48], [324, 48], [324, 56], [274, 56]], 'Colt  Coor', 0.11393198712051397), 
    ([[335, 47], [389, 47], [389, 59], [335, 59]], 'Cor6u Rsya', 0.01802953115872898), 
    ([[55, 64], [142, 64], [142, 82], [55, 82]], 'PASSEPORT', 0.9997924458568389), 
    ([[61, 53], [139, 53], [139, 69], [61, 69]], 'PASSPORT', 0.9998662221962429), 
    ([[191, 59], [215, 59], [215, 75], [191, 75]], 'PF', 0.9995407145429508), 
    ([[305, 57], [345, 57], [345, 77], [305, 77]], 'NCA', 0.8708968561115347), 
    ([[435, 59], [519, 59], [519, 79], [435, 79]], 'FooooOOOO', 0.13497478394568516), 
    ([[192, 78], [226, 78], [226, 86], [192, 86]], 'Sunune', 0.15288741187678181), 
    ([[189, 85], [265, 85], [265, 105], [189, 105]], 'WAZOPIA', 0.3855075201865852), 
    ([[192, 108], [214, 108], [214, 116], [192, 116]], 'Given', 0.9904472169658437), 
    ([[189, 117], [331, 117], [331, 137], [189, 137]], 'ABUJ : SPECIE: [', 0.1277237298815436), 
    ([[189, 147], [271, 147], [271, 167], [189, 167]], 'NIGESIAN', 0.3210770350289704), 
    ([[190, 174], [234, 174], [234, 182], [190, 182]], 'Dubald', 0.27517282863057724), 
    ([[472, 176], [508, 176], [508, 184], [472, 184]], 'Dancno', 0.07396936166500515), 
    ([[189, 181], [285, 181], [285, 201], [189, 201]], '01 OCT/0C', 0.3885372222165447), 
    ([[399, 183], [539, 183], [539, 203], [399, 203]], 'LG1234567891234', 0.8893934806526926), 
    ([[402, 210], [434, 210], [434, 218], [402, 218]], 'Aucay', 0.06487164477188223), 
    ([[245, 217], [295, 217], [295, 233], [245, 233]], 'NA', 0.11472332372966129), 
    ([[398, 214], [506, 214], [506, 238], [398, 238]], 'ABUJA HQRS', 0.9996687495678239), 
    ([[190, 240], [238, 240], [238, 248], [190, 248]], 'Dulaeleaun', 0.005822447424951689), 
    ([[249, 239], [319, 239], [319, 253], [249, 253]], 'Dae 0 tuweike', 0.06844952030082667), 
    ([[402, 242], [432, 242], [432, 250], [402, 250]], 'Helant', 0.06082527746970419), 
    ([[482, 244], [516, 244], [516, 252], [482, 252]], 'Suramn', 0.10211955949407046), 
    ([[189, 249], [305, 249], [305, 269], [189, 269]], '17 JUL / JUL 07', 0.8700517365094648), 
    ([[189, 271], [313, 271], [313, 283], [189, 283]], 'Dab pf Expty / Dre dardtkion', 0.07280194099618048), 
    ([[405, 257], [505, 257], [505, 299], [405, 299]], 'Csxwv', 0.14409250243811633), 
    ([[189, 281], [305, 281], [305, 301], [189, 301]], '16 JUL / JUL 12', 0.6597451958257976), 
    ([[25, 329], [565, 329], [565, 357], [25, 357]], 'PFNGAWAZOBIA<<ABUJA<SPECIMEN<<<<<<<<<<<<<<<<', 0.5450670000297972), 
    ([[25, 356], [566, 356], [566, 388], [25, 388]], 'Foooooooosnga6o10014m1207161<<<<<<<<<<<<<<02', 0.5308207485967746), 
    ([[315.51435706882137, 212.12584272387846], [358.0, 222.0], [355.48564293117863, 231.87415727612154], [313.0, 222.0]], 'TbL', 0.028064635539449587)
]

Kayode Valid Passport
[
    ([[1050, 75], [1151, 75], [1151, 107], [1050, 107]], "' -", 0.16730404546855343), 
    ([[749, 103], [2214, 103], [2214, 243], [749, 243]], 'FEDERAL REPUBLIC OF', 0.7722762799909142), 
    ([[2244, 138], [2775, 138], [2775, 249], [2244, 249]], 'NIGERIA', 0.8166410897481151), 
    ([[582, 225], [1083, 225], [1083, 275], [582, 275]], 'K .. . .', 0.002892666298647547), 
    ([[353, 273], [781, 273], [781, 346], [353, 346]], 'PASSPORT', 0.9995567008912847), 
    ([[792, 268], [984, 268], [984, 318], [792, 318]], ";' .", 0.004680400714278221), 
    ([[1258, 253], [1368, 253], [1368, 303], [1258, 303]], 'Type', 0.9998874068260193), 
    ([[1555, 256], [1852, 256], [1852, 312], [1555, 312]], 'Counby Code', 0.9553623506025716), 
    ([[1913, 263], [2213, 263], [2213, 319], [1913, 319]], 'Code du pays', 0.9952712762813408), 
    ([[2500, 272], [2783, 272], [2783, 328], [2500, 328]], 'Passport No-', 0.7976596843374104), 
    ([[2866, 277], [3160, 277], [3160, 330], [2866, 330]], 'Passeport NP', 0.3093164196653742), 
    ([[315, 342], [797, 342], [797, 415], [315, 415]], 'PASSEPORT', 0.9997150695006624), 
    ([[1085, 302], [1148, 302], [1148, 367], [1085, 367]], 'P', 0.9186194699987169), 
    ([[1749, 315], [1946, 315], [1946, 390], [1749, 390]], 'NGA', 0.9999759111084772), 
    ([[2505, 326], [2985, 326], [2985, 404], [2505, 404]], 'A09639574', 0.9853152417406084), 
    ([[1071, 393], [1276, 393], [1276, 448], [1071, 448]], 'Surnalne', 0.7058430450547921), 
    ([[1322, 397], [1434, 397], [1434, 452], [1322, 452]], 'Nom', 0.9999167215909426), 
    ([[1066, 440], [1500, 440], [1500, 529], [1066, 529]], 'ONAMUSI', 0.9986958243903922), 
    ([[1058, 542], [1355, 542], [1355, 596], [1058, 596]], 'GiverANames', 0.5509412149680916), 
    ([[1409, 547], [1610, 547], [1610, 601], [1409, 601]], 'Prenoms', 0.9986590422654188), 
    ([[1048, 596], [1899, 596], [1899, 697], [1048, 697]], 'CHARLES KAYODE', 0.9802338213841474), 
    ([[1042, 699], [1277, 699], [1277, 767], [1042, 767]], 'Nationality', 0.8830813360422258), 
    ([[1327, 709], [1566, 709], [1566, 762], [1327, 762]], 'Nationalite', 0.9627766828674554), 
    ([[2305, 719], [2722, 719], [2722, 782], [2305, 782]], 'Previous Passport', 0.999795162439886), 
    ([[2779, 722], [3311, 722], [3311, 788], [2779, 788]], 'Precedente Passeport', 0.9135737767774804), 
    ([[1037, 760], [1495, 760], [1495, 859], [1037, 859]], 'NIGERIAN', 0.9410138396589727), 
    ([[2307, 779], [2811, 779], [2811, 868], [2307, 868]], 'A04761255', 0.9962172901767835), 
    ([[1027, 886], [1305, 886], [1305, 940], [1027, 940]], 'Date of Birth', 0.5695588344597091), 
    ([[1325, 901], [1346, 901], [1346, 931], [1325, 931]], '2', 0.03509685300368748), 
    ([[1372, 893], [1787, 893], [1787, 942], [1372, 942]], 'Date de naissance', 0.999596642100928), 
    ([[2307, 900], [2595, 900], [2595, 952], [2307, 952]], 'Personal No', 0.9918167567269308), 
    ([[2669, 903], [2982, 903], [2982, 963], [2669, 963]], 'No personnel', 0.8102526066433388), 
    ([[1024, 936], [1730, 936], [1730, 1037], [1024, 1037]], '11 FEB / FEV 56', 0.6815571287377322), 
    ([[1009, 1073], [1111, 1073], [1111, 1129], [1009, 1129]], 'Sex', 0.9999460409909594), 
    ([[1158, 1075], [1280, 1075], [1280, 1125], [1158, 1125]], 'Sexe', 0.9817246281166926), 
    ([[1317, 1076], [1618, 1076], [1618, 1132], [1317, 1132]], 'Place of Birth', 0.9621529515042972), 
    ([[1638, 1092], [1656, 1092], [1656, 1119], [1638, 1119]], '7', 0.10491189488335806), 
    ([[1696, 1081], [2105, 1081], [2105, 1133], [1696, 1133]], 'Lieu de naissance', 0.9713961824290569), 
    ([[2303, 1083], [2521, 1083], [2521, 1156], [2303, 1156]], 'Authority', 0.999736967273509), 
    ([[2535, 1106], [2553, 1106], [2553, 1136], [2535, 1136]], '7', 0.06418857300904168), 
    ([[2584, 1094], [2773, 1094], [2773, 1150], [2584, 1150]], 'Autorite', 0.9996694617849596), 
    ([[1012, 1137], [1091, 1137], [1091, 1215], [1012, 1215]], 'M', 0.9988853463012823), 
    ([[1315, 1129], [1611, 1129], [1611, 1229], [1315, 1229]], 'NJFBU', 0.47079936328435357), 
    ([[1676, 1136], [1895, 1136], [1895, 1228], [1676, 1228]], 'ODE', 0.9995966245554527), 
    ([[2301, 1140], [2864, 1140], [2864, 1249], [2301, 1249]], 'ABEOKUTA', 0.9999260732958244), 
    ([[1001, 1266], [1294, 1266], [1294, 1319], [1001, 1319]], 'Date of Issue', 0.9530543241245489), 
    ([[1363, 1266], [1788, 1266], [1788, 1328], [1363, 1328]], 'Data de delivrance', 0.8959473202239998), 
    ([[2305, 1281], [2509, 1281], [2509, 1342], [2305, 1342]], 'Holders', 0.9977391214621077), 
    ([[705, 1314], [769, 1314], [769, 1356], [705, 1356]], 'V', 0.05989290938580383), 
    ([[2507, 1286], [2746, 1286], [2746, 1355], [2507, 1355]], 'Signature', 0.9987468368896274), 
    ([[2824, 1293], [3345, 1293], [3345, 1356], [2824, 1356]], 'Signature du Titulaire', 0.6385951143418221), 
    ([[997, 1326], [1757, 1326], [1757, 1431], [997, 1431]], '16 AUG IA00 18', 0.8127039917544693), 
    ([[986, 1446], [1311, 1446], [1311, 1515], [986, 1515]], 'Date of Expiry', 0.8839053925727028), 
    ([[1351, 1454], [1741, 1454], [1741, 1514], [1351, 1514]], 'Date 0_ piration', 0.2748323693665308), 
    ([[980, 1514], [1752, 1514], [1752, 1619], [980, 1619]], '15 AUG ! 4O 23', 0.40474593276660065), 
    ([[33, 1786], [2438, 1786], [2438, 1996], [33, 1996]], 'P<NGAONAMUSI<<CHARLES<KAYODE<<tl', 0.15787743374164812), 
    ([[2753, 1888], [3415, 1888], [3415, 2003], [2753, 2003]], '<<<<<<<<', 0.6341712811137401), 
    ([[17, 1940], [3437, 1940], [3437, 2231], [17, 2231]], '4096395749n645602111m2308157<<<<<<<<<<<<<<00', 0.579662497017278), 
    ([[1095.9266873708002, 243.09678053940056], [1206.771137418099, 259.3586673398067], [1197.0733126291998, 309.9032194605994], [1086.228862581901, 293.6413326601933]], 'Type', 0.9970552921295166), 
    ([[333.4904068309487, 1183.0185735839975], [504.84409207655716, 1277.5308493448229], [471.5095931690513, 1333.9814264160025], [300.15590792344284, 1239.4691506551771]], 'Sctl', 0.007406964432448149), 
    ([[489.1526193728227, 1275.0514788571463], [710.9840756880047, 1315.5281029940538], [697.8473806271772, 1370.9485211428537], [475.01592431199526, 1331.4718970059462]], 'MePUbLiC', 0.040859170900018164)
]

Morolake's Valid Passport
[
    ([[118, 14], [470, 14], [470, 44], [118, 44]], 'FEDERAL REPUEBLIC OF NIGERIA', 0.30040993724447546), 
    ([[55, 53], [129, 53], [129, 67], [55, 67]], 'Passpuki', 0.22661926931498466), 
    ([[49, 65], [133, 65], [133, 81], [49, 81]], 'PaSsEPORT', 0.12047297235860426), 
    ([[291, 57], [329, 57], [329, 75], [291, 75]], 'NGA', 0.7376663088798523), 
    ([[421, 61], [485, 61], [485, 77], [421, 77]], 'A09OTQA', 0.2841255488727767), 
    ([[179, 83], [257, 83], [257, 103], [179, 103]], 'ONAMUSI', 0.7978303548835847), 
    ([[179, 115], [385, 115], [385, 135], [179, 135]], 'MOROLAKE KOFOWOROLA', 0.9820235240807309), 
    ([[179, 145], [259, 145], [259, 165], [179, 165]], 'NIGERIAN', 0.999097340753779), 
    ([[385, 147], [469, 147], [469, 167], [385, 167]], 'A05285875', 0.7693500658770431), 
    ([[179, 177], [289, 177], [289, 195], [179, 195]], '21 JUL IJIl 91', 0.2560347133407892), 
    ([[229, 211], [287, 211], [287, 229], [229, 229]], 'LAGOS', 0.7971926170377949), 
    ([[384, 208], [488, 208], [488, 234], [384, 234]], 'ABUJA HQRS', 0.6503011103712019), 
    ([[472, 240], [510, 240], [510, 246], [472, 246]], 'EM', 0.009341979692202948), 
    ([[177, 245], [299, 245], [299, 265], [177, 265]], '29 NOV INOV 18', 0.8057294599404733), 
    ([[177, 275], [299, 275], [299, 295], [177, 295]], '28 NOV INOV 23', 0.9649964324696293), 
    ([[16, 324], [548, 324], [548, 353], [16, 353]], 'P<ngaonAMUsi<<MOROLAKE<KOFOWOROLA<<<<<<<<<<<', 0.3746979788989178), 
    ([[16, 352], [548, 352], [548, 380], [16, 380]], '4099784179nG4910721272311285<<<<<<<<<<<<<<06', 0.5906688921946008)
]

Ayobami Valid Passport
[
    ([[498, 44], [614, 44], [614, 72], [498, 72]], 'E2c-', 0.014071227982640266), 
    ([[27, 73], [1155, 73], [1155, 113], [27, 113]], 'KalrtpupaccfineettredeR+LRepupuofnnockineto ERAR PGKGUX', 0.0003408663598815166), 
    ([[9, 109], [581, 109], [581, 149], [9, 149]], "C'^ '' < '4_", 0.006816598366965293), 
    ([[643, 111], [1057, 111], [1057, 147], [643, 147]], 'CofmgnaRN-.', 0.0021216666256880885), 
    ([[9, 145], [395, 145], [395, 185], [9, 185]], '7" ,-t-.', 0.0009376589200738501), 
    ([[98, 180], [455, 180], [455, 221], [98, 221]], 'FcnEe', 0.007031009883674072), 
    ([[389, 147], [513, 147], [513, 183], [389, 183]], "' .", 0.027516637159046266), 
    ([[446, 184], [512, 184], [512, 216], [446, 216]], '8', 0.02610710324447396), 
    ([[512, 126], [2000, 126], [2000, 224], [512, 224]], 'FEDERAL REPUBLIC OF NIGERIA', 0.8276110700993392), 
    ([[282, 216], [885, 216], [885, 255], [282, 255]], "LiERIFEVERALRTP : -fnGL',", 0.005399348333931214), 
    ([[541, 253], [681, 253], [681, 289], [541, 289]], 'e', 0.048527870218606495), 
    ([[891, 249], [973, 249], [973, 289], [891, 289]], 'Type', 0.9997106194496155), 
    ([[1111, 245], [1327, 245], [1327, 287], [1111, 287]], 'County Code', 0.8272335664997147), 
    ([[1375, 247], [1591, 247], [1591, 289], [1375, 289]], 'Code du pays', 0.826454573803425), 
    ([[1800, 246], [1999, 246], [1999, 288], [1800, 288]], 'Passport No,', 0.6809218452405429), 
    ([[2064, 245], [2277, 245], [2277, 287], [2064, 287]], 'Passeport N"', 0.9258494087006808), 
    ([[224, 275], [541, 275], [541, 340], [224, 340]], 'PASSPORT', 0.9982183783801416), 
    ([[771, 297], [815, 297], [815, 349], [771, 349]], 'P', 0.9743552414072987), 
    ([[1253, 289], [1399, 289], [1399, 355], [1253, 355]], 'NGA', 0.9999908462120632), 
    ([[1808, 294], [1856, 294], [1856, 350], [1808, 350]], 'A', 0.9998368091409624), 
    ([[1843, 287], [2119, 287], [2119, 399], [1843, 399]], '1039218', 0.9872354102489566), 
    ([[202, 335], [559, 335], [559, 401], [202, 401]], 'PASSEPORT', 0.9999231482681035), 
    ([[765, 373], [911, 373], [911, 411], [765, 411]], 'Surname', 0.9985640197512614), 
    ([[948, 372], [1027, 372], [1027, 411], [948, 411]], 'Nom', 0.999917065714688), 
    ([[2212, 284], [2440, 284], [2440, 430], [2212, 430]], '0)', 0.0927066209847462), 
    ([[761, 411], [1093, 411], [1093, 479], [761, 479]], 'ADEWUMI', 0.6904289353011311), 
    ([[758, 498], [973, 498], [973, 538], [758, 538]], 'Given Names', 0.6975619137435426), 
    ([[1017, 497], [1161, 497], [1161, 535], [1017, 535]], 'Preroms', 0.8934742995722846), 
    ([[758, 542], [1436, 542], [1436, 614], [758, 614]], 'HAZEEZAT AYOBAMI', 0.9702974588228556), 
    ([[755, 629], [924, 629], [924, 678], [755, 678]], 'Nationalily', 0.7476011327300184), 
    ([[963, 633], [1135, 633], [1135, 671], [963, 671]], 'Natlonalite', 0.946948909805837), 
    ([[754, 678], [1088, 678], [1088, 752], [754, 752]], 'NIGERIAN', 0.9866865708526811), 
    ([[753, 779], [955, 779], [955, 821], [753, 821]], 'Dale of Bith', 0.5191676197704483), 
    ([[1005, 781], [1259, 781], [1259, 822], [1005, 822]], "Data de 01ui6an'", 0.13975226319193584), 
    ([[1674, 780], [1879, 780], [1879, 822], [1674, 822]], 'Personal No', 0.9862756797110831), 
    ([[1929, 781], [2144, 781], [2144, 825], [1929, 825]], 'N" porsonrel', 0.6563020742654054), 
    ([[750, 823], [1284, 823], [1284, 898], [750, 898]], '27 OCT / OCT 91', 0.7600439050423468), 
    ([[749, 931], [824, 931], [824, 974], [749, 974]], 'Sex', 0.999170905077229), 
    ([[857, 933], [943, 933], [943, 971], [857, 971]], 'Sexe', 0.9978411793708801), 
    ([[971, 929], [1189, 929], [1189, 971], [971, 971]], 'Place ot Birtn', 0.7449126156500028), 
    ([[1245, 933], [1539, 933], [1539, 971], [1245, 971]], 'Lieu do nalssance', 0.3048307161313246), 
    ([[1680, 936], [1829, 936], [1829, 979], [1680, 979]], 'Authorily', 0.9225491301208791), 
    ([[1873, 937], [2003, 937], [2003, 975], [1873, 975]], 'Autorite', 0.9288820508836075), 
    ([[755, 983], [795, 983], [795, 1035], [755, 1035]], 'F', 0.9475402767768628), 
    ([[980, 974], [1224, 974], [1224, 1050], [980, 1050]], 'LAGOS', 0.9988611787940739), 
    ([[1682, 974], [1996, 974], [1996, 1052], [1682, 1052]], 'OSOGBO', 0.9979044163080129), 
    ([[749, 1082], [963, 1082], [963, 1123], [749, 1123]], 'Dale af Issue', 0.5637512655465645), 
    ([[1012, 1084], [1315, 1084], [1315, 1125], [1012, 1125]], 'Date de calivronce', 0.5798709260500061), 
    ([[1684, 1084], [1987, 1084], [1987, 1135], [1684, 1135]], 'Holder"s Slonature', 0.46460108716541176), 
    ([[2036, 1085], [2390, 1085], [2390, 1137], [2036, 1137]], 'Signntura du Titulaire', 0.42478646674606496), 
    ([[747, 1133], [1001, 1133], [1001, 1201], [747, 1201]], '20 MAR', 0.9965038718867625), 
    ([[1041, 1133], [1306, 1133], [1306, 1206], [1041, 1206]], 'MAR 19', 0.9534120440179823), 
    ([[750, 1223], [979, 1223], [979, 1274], [750, 1274]], 'Date of Expky', 0.6045170537664044), 
    ([[1010, 1226], [1288, 1226], [1288, 1274], [1010, 1274]], "Date d'expiration", 0.5148111101249906), 
    ([[1787, 1218], [2215, 1218], [2215, 1311], [1787, 1311]], 'Fvorrx', 0.03739120344703149), 
    ([[750, 1274], [1004, 1274], [1004, 1346], [750, 1346]], '19 MAR', 0.9716025835864138), 
    ([[1049, 1275], [1308, 1275], [1308, 1350], [1049, 1350]], 'MAR 24', 0.6870217410813787), 
    ([[55, 1486], [2447, 1486], [2447, 1624], [55, 1624]], 'P<NGAADEWUMI<<HAZEEZAT<AYOBAMI<<<<<<<<<<<<<<', 0.5177695916501159), 
    ([[53, 1612], [2454, 1612], [2454, 1777], [53, 1777]], 'A103921837n649110270F2403199<<<<<<<<<<<<<<08', 0.4493468132200656), 
    ([[771.8674325266986, 243.12995986480402], [855.7491763464213, 254.4362468127637], [849.1325674733014, 295.870040135196], [764.2508236535787, 284.56375318723633]], 'Type', 0.9994868040084839)
]

Adeniyi's Passport Valid till October 2021
[
    ([[114, 16], [466, 16], [466, 42], [114, 42]], 'VEDERAL REPUBLIC OF NICERIA', 0.30938541884550724), 
    ([[258, 48], [306, 48], [306, 56], [258, 56]], '(mueute', 0.002945703550471588), 
    ([[49, 53], [123, 53], [123, 69], [49, 69]], 'Vattoixi', 0.09421470602892058), 
    ([[289, 59], [327, 59], [327, 75], [289, 75]], 'NOA', 0.2637108366787667), 
    ([[416, 55], [499, 55], [499, 75], [416, 75]], 'Aottiahub', 0.3025977031252757), 
    ([[45, 69], [131, 69], [131, 85], [45, 85]], 'Fasslioixi', 0.11186478007008185), 
    ([[174, 74], [254, 74], [254, 104], [174, 104]], 'ONAMUSI', 0.7231346043083295), 
    ([[176, 106], [198, 106], [198, 114], [176, 114]], 'Olvn', 0.03384567052125931), 
    ([[175, 115], [241, 115], [241, 133], [175, 133]], 'ADENIYI', 0.9398811427089127), 
    ([[384, 136], [408, 136], [408, 144], [384, 144]], 'Fuur', 0.023493362590670586), 
    ([[459, 135], [541, 135], [541, 147], [459, 147]], 'Prtetdene Paarpor', 0.061894404690842), 
    ([[175, 145], [255, 145], [255, 165], [175, 165]], 'NIGERIAN', 0.5312874412893197), 
    ([[383, 145], [465, 145], [465, 163], [383, 163]], 'A03489910', 0.930700701598892), 
    ([[176, 170], [220, 170], [220, 178], [176, 178]], 'Duty ulDtU', 0.06949651888240975), 
    ([[234, 170], [262, 170], [262, 178], [234, 178]], 'Dll J6', 0.17851343357501476), 
    ([[386, 170], [416, 170], [416, 176], [386, 176]], 'Fama', 0.02982686646282673), 
    ([[452, 170], [488, 170], [488, 176], [452, 176]], 'anneni', 0.022498414121828247), 
    ([[177, 177], [297, 177], [297, 197], [177, 197]], '14 APR /AVR 78', 0.8943019112730706), 
    ([[228, 204], [256, 204], [256, 212], [228, 212]], 'Picce 0', 0.1529200273030866), 
    ([[225, 211], [311, 211], [311, 229], [225, 229]], 'IJEBU ODE', 0.9164107602962405), 
    ([[383, 209], [485, 209], [485, 229], [383, 229]], 'ABUJA HQRS', 0.9687165645645689), 
    ([[176, 236], [224, 236], [224, 244], [176, 244]], 'Date 0lnqua', 0.1553220701009867), 
    ([[266, 236], [302, 236], [302, 244], [266, 244]], 'Deleruncl', 0.04216188831551151), 
    ([[384, 236], [450, 236], [450, 244], [384, 244]], 'Hodua Snaluro', 0.08119947956058977), 
    ([[462, 236], [498, 236], [498, 244], [462, 244]], 'cona*m', 0.047686912291472316), 
    ([[510, 236], [538, 236], [538, 242], [510, 242]], 'Henian', 0.0009079517089588967), 
    ([[175, 245], [299, 245], [299, 263], [175, 263]], '10 OCT /OCT 16', 0.808374177693526), 
    ([[176, 268], [228, 268], [228, 276], [176, 276]], "Dalo 0' Dzuuy", 0.08519409763142818), 
    ([[236, 268], [296, 268], [296, 274], [236, 274]], 'mAaameneta', 0.000455996447759019), 
    ([[175, 275], [297, 275], [297, 295], [175, 295]], '09 OCT / OCT 21', 0.6306904754330303), 
    ([[14, 326], [354, 326], [354, 350], [14, 350]], 'P<NGAoNAMUSI<<ADENIYI<<<<<<<', 0.6081654373041578), 
    ([[437, 329], [543, 329], [543, 347], [437, 347]], '<<<<<<<<<', 0.7119397095124564), 
    ([[14, 354], [426, 354], [426, 378], [14, 378]], 'A077148881NG4780414802110097<<<<<<', 0.4313203384565131), 
    ([[449, 357], [545, 357], [545, 375], [449, 375]], '<<<<<<08', 0.7723026658544934)
]